v3.0 hex words addressed
00: 28 72 00 50 20 48 00 00
08: 00 00 00 00 00 00 00 00
10: 28 72 00 50 00 00 00 00
18: 00 00 00 00 00 00 00 00
20: 28 72 00 50 80 00 00 00
28: 00 00 00 00 00 00 00 00
30: 28 72 00 50 80 00 00 00
38: 00 00 00 00 00 00 00 00
40: 28 72 50 00 00 00 00 00
48: 00 00 00 00 00 00 00 00
50: 28 72 50 00 00 00 00 00
58: 00 00 00 00 00 00 00 00
60: 28 72 00 00 00 00 00 00
68: 00 00 00 00 00 00 00 00
70: 28 72 50 00 00 00 00 00
78: 00 00 00 00 00 00 00 00
80: 28 72 50 2c 51 00 00 00
88: 00 00 00 00 00 00 00 00
90: 28 72 50 2c 40 00 00 00
98: 00 00 00 00 00 00 00 00
a0: 28 72 00 50 20 48 28 30
a8: 51 00 00 00 00 00 00 00
b0: 28 72 20 00 50 00 00 00
b8: 00 00 00 00 00 00 00 00
c0: 28 72 00 50 20 4c 00 00
c8: 00 00 00 00 00 00 00 00
d0: 28 72 20 00 00 51 00 00
d8: 00 00 00 00 00 00 00 00
e0: 28 72 00 00 00 00 00 00
e8: 00 00 00 00 00 00 00 00
f0: 28 72 00 00 00 00 00 00
f8: 00 00 00 00 00 00 00 00
