v3.0 hex words addressed
00: 02 02 04 74 8c 41 01 01
08: 01 01 01 01 01 01 01 01
10: 02 02 26 56 8b 01 01 01
18: 01 01 01 01 01 01 01 01
20: 02 02 06 56 83 01 01 01
28: 01 01 01 01 01 01 01 01
30: 02 02 06 56 03 01 01 01
38: 01 01 01 01 01 01 01 01
40: 02 02 43 01 01 01 01 01
48: 01 01 01 01 01 01 01 01
50: 02 02 43 01 01 01 01 01
58: 01 01 01 01 01 01 01 01
60: 02 02 83 01 01 01 01 01
68: 01 01 01 01 01 01 01 01
70: 02 02 43 01 01 01 01 01
78: 01 01 01 01 01 01 01 01
80: 02 02 02 42 83 01 01 01
88: 01 01 01 01 01 01 01 01
90: 02 02 02 42 03 01 01 01
98: 01 01 01 01 01 01 01 01
a0: 02 02 06 76 8e 02 02 02
a8: 03 01 01 01 01 01 01 01
b0: 02 02 06 76 8b 01 01 01
b8: 01 01 01 01 01 01 01 01
c0: 02 02 06 76 8e 43 01 01
c8: 01 01 01 01 01 01 01 01
d0: 02 02 06 76 8a 83 01 01
d8: 01 01 01 01 01 01 01 01
e0: 02 02 01 01 01 01 01 01
e8: 01 01 01 01 01 01 01 01
f0: 02 02 01 01 01 01 01 01
f8: 01 01 01 01 01 01 01 01
